Rhamphorynchus.TrueBiteDamage,2.000000,5.500000,10.500000,15.000000,20.000000
Rhamphorynchus.TrueBiteCooldown,5.000000,5.000000,5.000000,5.000000,5.000000
Rhamphorynchus.TrueBiteCost,5.000000,5.000000,5.000000,5.000000,5.000000

Rhamphorynchus.TerrorHDepletion,2.000000,2.500000,2.500000,2.500000,2.500000
Rhamphorynchus.TerrorMovementSpeed,1.200000,1.200000,1.200000,1.200000,1.200000
Rhamphorynchus.TerrorFlyingAcceleration,2.000000,2.000000,2.000000,2.000000,2.000000

Rhamphorynchus.WaterRatOxygenIncrease,3.000000,3.000000,3.000000,3.000000,3.000000
Rhamphorynchus.WaterRatOxygenDepRateDecrease,0.100000,0.100000,0.100000,0.100000,0.100000
Rhamphorynchus.WaterRatOxygenRecRateIncrease,5.000000,5.000000,5.000000,5.000000,5.000000
Rhamphorynchus.WaterRatHDepRateDecrease,0.500000,0.500000,0.500000,0.500000,0.500000
Rhamphorynchus.WaterRatTDepRateDecrease,0.200000,0.200000,0.200000,0.200000,0.200000

Rhamphorynchus.LaunchJumpHeightIncrease,2.500000,2.500000,2.500000,2.500000,2.500000
Rhamphorynchus.LaunchJumpCostIncrease,6.000000,6.000000,6.000000,6.000000,6.000000




Tyrannosaurus.CrushDamage,30.000000,50.000000,70.000000,90.000000,120.000000
Tyrannosaurus.CrushCooldown,10.000000,10.000000,10.000000,10.000000,10.000000
Tyrannosaurus.CrushStaminaCost,10.000000,10.000000,10.000000,10.000000,10.000000
Tyrannosaurus.CrushRadius,80.000000,150.000000,250.000000,400.000000,500.000000
Tyrannosaurus.CrushForwardBackwardMod,20.000000,40.000000,70.000000,100.000000,150.000000
Tyrannosaurus.CrushLeftRightMod,20.000000,40.000000,70.000000,100.000000,150.000000
Tyrannosaurus.CrushUpDownMod,20.000000,40.000000,70.000000,100.000000,150.000000

Tyrannosaurus.RushDamage,20.000000,40.000000,60.000000,80.000000,80.000000
Tyrannosaurus.RushCost,40.000000,40.000000,40.000000,40.000000,40.000000
Tyrannosaurus.RushSpeedIncrease,400.000000,600.000000,800.000000,1000.000000,1200.000000
Tyrannosaurus.RushCooldown,100.000000,100.000000,100.000000,100.000000,100.000000
Tyrannosaurus.RushKnockbackForce,4.000000,4.000000,4.000000,4.000000,4.000000
Tyrannosaurus.RushTurnRadiusMulti,0.500000,0.500000,0.500000,0.500000,0.500000
Tyrannosaurus.RushAccelIncrease,1.500000,1.500000,1.500000,1.500000,1.500000
Tyrannosaurus.RushStabilityCostMulti,0.750000,0.750000,0.750000,0.750000,0.750000
Tyrannosaurus.RushDuration,6.000000,6.000000,6.000000,6.000000,6.000000




Spinosaurus.DevastationDamage,15.000000,20.000000,45.000000,70.000000,100.000000
Spinosaurus.DevastationBoneBreakChance,0.000000,0.000000,0.000000,0.000000,0.000000
Spinosaurus.DevastationBleedAmount,0.000000,0.000000,0.000000,0.000000,0.000000
Spinosaurus.DevastationCooldown,10.000000,10.000000,10.000000,10.000000,10.000000
Spinosaurus.DevastationStaminaCost,15.000000,15.000000,15.000000,15.000000,15.000000
Spinosaurus.DevastationRevKnockback,0.000000,0.000000,0.000000,0.000000,0.000000
Spinosaurus.DevastationAutoRelease,9.000000,9.000000,9.000000,9.000000,9.000000
Spinosaurus.DevastationMinChargeDuration,1.000000,1.000000,1.000000,1.000000,1.000000
Spinosaurus.DevastationMaxChargeDuration,9.500000,9.500000,9.500000,9.500000,9.500000
Spinosaurus.DevastationMinChargeMulti,0.300000,0.300000,0.300000,0.300000,0.300000
Spinosaurus.DevastationMaxChargeMulti,1.000000,1.000000,1.000000,1.000000,1.000000
Spinosaurus.SwipeDamage,20.000000,20.000000,20.000000,20.000000,20.000000
Spinosaurus.SwipeBoneBreakChance,0.000000,0.000000,0.000000,0.000000,0.000000
Spinosaurus.SwipeCooldown,4.000000,4.000000,4.000000,4.000000,4.000000
Spinosaurus.SwipeBleedAmount,0.000000,0.000000,0.000000,0.000000,0.000000
Spinosaurus.SwipeKnockbackForce,9.000000,9.000000,9.000000,9.000000,9.000000

Sarcosuchus.CrusherDamage,10.000000,30.000000,50.000000,80.000000,110.000000
Sarcosuchus.CrusherBoneBreakChance,0.000000,0.000000,0.000000,0.000000,0.000000
Sarcosuchus.CrusherCooldown,5.000000,5.000000,5.000000,5.000000,5.000000
Sarcosuchus.CrusherBleedAmount,0.000000,0.000000,0.000000,0.000000,0.000000
Sarcosuchus.CrusherAutoRelease,9.000000,9.000000,9.000000,9.000000,9.000000
Sarcosuchus.CrusherMinChargeDuration,1.000000,1.000000,1.000000,1.000000,1.000000
Sarcosuchus.CrusherMaxChargeDuration,9.500000,9.500000,9.500000,9.500000,9.500000
Sarcosuchus.CrusherMinChargeMulti,0.300000,0.300000,0.300000,0.300000,0.300000
Sarcosuchus.CrusherMaxChargeMulti,1.000000,1.000000,1.000000,1.000000,1.000000
Sarcosuchus.InteruptionCooldown,3.000000,3.000000,3.000000,3.000000,3.000000
Sarcosuchus.SnappyDashDamage,20.000000,50.000000,100.000000,120.000000,140.000000
Sarcosuchus.SnappyDashBoneBreakChance,0.000000,0.000000,0.000000,0.000000,0.000000
Sarcosuchus.SnappyDashBleedAmount,0.000000,0.000000,0.000000,0.000000,0.000000
Sarcosuchus.SnappyDashCooldown,6.000000,6.000000,6.000000,6.000000,6.000000
Sarcosuchus.SnappyDashStaminaCost,30.000000,30.000000,30.000000,30.000000,30.000000
Sarcosuchus.SnappyDashSpeed,1600.000000,1700.000000,1900.000000,2100.000000,2600.000000
Sarcosuchus.QuickBoostStrength,1000.000000,1500.000000,2000.000000,2500.000000,3000.000000
Sarcosuchus.QuickBoostRiseDuration,2.000000,2.000000,2.500000,2.500000,3.000000
Sarcosuchus.QuickBoostSpeedIncrease,2000.000000,3000.000000,4000.000000,5000.000000,6000.000000
Sarcosuchus.QuickBoostDuration,2.500000,2.500000,2.500000,2.500000,2.500000
Sarcosuchus.QuickBoostCooldown,10.000000,10.000000,10.000000,10.000000,10.000000
Sarcosuchus.QuickBoostCost,20.000000,20.000000,15.000000,15.000000,10.000000
Sarcosuchus.TerribleTearDamage,25.000000,25.000000,25.000000,25.000000,25.000000
Sarcosuchus.TerribleTearBoneBreakChance,0.000000,0.000000,0.000000,0.000000,0.000000
Sarcosuchus.TerribleTearBleedAmount,0.250000,0.250000,0.250000,0.250000,0.250000
Sarcosuchus.TerribleTearCooldown,5.000000,5.000000,5.000000,5.000000,5.000000
Sarcosuchus.TerribleTearStaminaCost,0.000000,0.000000,0.000000,0.000000,0.000000

Stegosaurus.NibbleDamage,10.000000,20.000000,30.000000,30.000000,30.000000
Stegosaurus.NibbleBoneBreakChance,0.000000,0.000000,0.000000,0.000000,0.000000
Stegosaurus.NibbleCooldown,1.000000,1.000000,1.000000,1.000000,1.000000
Stegosaurus.NibbleBleedAmount,0.000000,0.000000,0.000000,0.000000,0.000000
Stegosaurus.NibbleStaminaCost,0.000000,0.000000,0.000000,0.000000,0.000000


Deinonychus.SavageKickMovementSpeed,300.000000,300.000000,300.000000,300.000000,300.000000
Deinonychus.SavageKickDamage,20.000000,20.000000,30.000000,30.000000,30.000000
Deinonychus.SavageKickCooldown,3.000000,3.000000,3.000000,3.000000,3.000000
Deinonychus.SavageKickBleed,0.450000,0.450000,0.450000,0.450000,0.450000
Deinonychus.SavageKickCost,5.000000,5.000000,5.000000,5.000000,5.000000


Iguanodon.ThumbJabDamage,10.000000,20.000000,30.000000,40.000000,40.000000
Iguanodon.ThumbJabCooldown,1.200000,1.200000,1.200000,1.200000,1.200000
Iguanodon.ThumbJabBleedAmount,0.150000,0.150000,0.150000,0.150000,0.150000
Iguanodon.ThumbJabBoneBreakChance,0.000000,0.000000,0.000000,0.000000,0.000000
Iguanodon.ThumbJabStaminaCost,0.000000,0.000000,0.000000,0.000000,0.000000


Ceratosaurus.PaddlerSwimSpeed,2.000000,2.000000,2.000000,2.000000,2.000000
Ceratosaurus.PaddlerOxygen,0.600000,0.600000,0.600000,0.600000,0.600000
Ceratosaurus.PaddlerTurnRadius,2.300000,2.300000,2.300000,2.300000,2.300000


Megalania.KomodoDamage,2.000000,4.000000,6.000000,8.000000,10.000000
Megalania.KomodoCooldown,7.000000,7.000000,7.000000,7.000000,7.000000
Megalania.KomodoBleedAmount,7.000000,7.000000,7.000000,7.000000,7.000000
Megalania.KomodoVenomAmount,7.000000,7.000000,7.000000,7.000000,7.000000
Megalania.KomodoPoisonAmount,7.000000,7.000000,7.000000,7.000000,7.000000
Megalania.KomodoMessyMouthStamRecReduction,0.950000,0.950000,0.950000,0.950000,0.950000
Megalania.KomodoMessyMouthInfectionDur,100.000000,100.000000,100.000000,100.000000,100.000000
Megalania.KomodoBloodThinnerHealtRecRate,0.950000,0.950000,0.950000,0.950000,0.950000
Megalania.KomodoBloodThinnerDur,150.000000,150.000000,150.000000,150.000000,150.000000
Megalania.KomodoRapidBloodLossDur,200.000000,200.000000,200.000000,200.000000,200.000000
Megalania.KomodoRapidBloodLossPeriodic,20.000000,20.000000,20.000000,20.000000,20.000000
Megalania.KomodoRapidBloodLossDamage,20.000000,20.000000,20.000000,20.000000,20.000000
Megalania.KomodoCW,0.750000,0.750000,0.750000,0.750000,0.750000
Megalania.KomodoLastStandDur,200.000000,200.000000,200.000000,200.000000,200.000000
Megalania.KomodoLastStandPeriodic,20.000000,20.000000,20.000000,20.000000,20.000000
Megalania.KomodoLastStandStamina,20.000000,20.000000,20.000000,20.000000,20.000000
Megalania.KomodoLastStandAttackDamage,1.300000,1.300000,1.300000,1.300000,1.300000
Megalania.KomodoLastStandTurnRadius,1.100000,1.100000,1.100000,1.100000,1.100000
Megalania.KomodoBleedChance,0.250000,0.250000,0.250000,0.250000,0.250000
Megalania.KomodoVenomChance,0.250000,0.250000,0.250000,0.250000,0.250000
Megalania.KomodoPoisonChance,0.250000,0.250000,0.250000,0.250000,0.250000